-1583460 -1583460 -1583460 -1583460 -1583460 -1583460 -1583460 -1583460 -1583460 -1583460 -1583460 -1583460 -13027031 -13027031 -13027031 -13027031 -8686749 -8686749 -8686749 -8686749 -1583460 -1583460 -1583460 -1583460 -1583460 -1583460 -1583460 -1583460 -1583460 -1583460 -1583460 -1583460 -13027031 -13027031 -13027031 -13027031 -1583460 -1583460 -1583460 -1583460 -1583460 -1583460 -1583460 -1583460 -1583460 -1583460 -1583460 -1583460 -1583460 -1583460 -1583460 -1583460 -1583460 -1583460 -1583460 -1583460 -1583460 -1583460 -1583460 -1583460 -1583460 -1583460 -1583460 -1583460 
-1583460 -1583460 -1583460 -1583460 -1583460 -1583460 -1583460 -1583460 -1583460 -1583460 -1583460 -1583460 -13027031 -13027031 -13027031 -13027031 -8686749 -8686749 -8686749 -8686749 -1583460 -1583460 -1583460 -1583460 -1583460 -1583460 -1583460 -1583460 -1583460 -1583460 -1583460 -1583460 -13027031 -13027031 -13027031 -13027031 -1583460 -1583460 -1583460 -1583460 -1583460 -1583460 -1583460 -1583460 -1583460 -1583460 -1583460 -1583460 -1583460 -1583460 -1583460 -1583460 -1583460 -1583460 -1583460 -1583460 -1583460 -1583460 -1583460 -1583460 -1583460 -1583460 -1583460 -1583460 
-1583460 -1583460 -1583460 -1583460 -1583460 -1583460 -1583460 -1583460 -1583460 -1583460 -1583460 -1583460 -13027031 -13027031 -13027031 -13027031 -8686749 -8686749 -8686749 -8686749 -1583460 -1583460 -1583460 -1583460 -1583460 -1583460 -1583460 -1583460 -1583460 -1583460 -1583460 -1583460 -13027031 -13027031 -13027031 -13027031 -1583460 -1583460 -1583460 -1583460 -1583460 -1583460 -1583460 -1583460 -1583460 -1583460 -1583460 -1583460 -1583460 -1583460 -1583460 -1583460 -1583460 -1583460 -1583460 -1583460 -1583460 -1583460 -1583460 -1583460 -1583460 -1583460 -1583460 -1583460 
-1583460 -1583460 -1583460 -1583460 -1583460 -1583460 -1583460 -1583460 -1583460 -1583460 -1583460 -1583460 -13027031 -13027031 -13027031 -13027031 -8686749 -8686749 -8686749 -8686749 -1583460 -1583460 -1583460 -1583460 -1583460 -1583460 -1583460 -1583460 -1583460 -1583460 -1583460 -1583460 -13027031 -13027031 -13027031 -13027031 -1583460 -1583460 -1583460 -1583460 -1583460 -1583460 -1583460 -1583460 -1583460 -1583460 -1583460 -1583460 -1583460 -1583460 -1583460 -1583460 -1583460 -1583460 -1583460 -1583460 -1583460 -1583460 -1583460 -1583460 -1583460 -1583460 -1583460 -1583460 
-1583460 -1583460 -1583460 -1583460 -1583460 -1583460 -1583460 -1583460 -13027031 -13027031 -13027031 -13027031 -1583460 -1583460 -1583460 -1583460 -1583460 -1583460 -1583460 -1583460 -13027031 -13027031 -13027031 -13027031 -13027031 -13027031 -13027031 -13027031 -13027031 -13027031 -13027031 -13027031 -1583460 -1583460 -1583460 -1583460 -13027031 -13027031 -13027031 -13027031 -13027031 -13027031 -13027031 -13027031 -13027031 -13027031 -13027031 -13027031 -13027031 -13027031 -13027031 -13027031 -8686749 -8686749 -8686749 -8686749 -1583460 -1583460 -1583460 -1583460 -1583460 -1583460 -1583460 -1583460 
-1583460 -1583460 -1583460 -1583460 -1583460 -1583460 -1583460 -1583460 -13027031 -13027031 -13027031 -13027031 -1583460 -1583460 -1583460 -1583460 -1583460 -1583460 -1583460 -1583460 -13027031 -13027031 -13027031 -13027031 -13027031 -13027031 -13027031 -13027031 -13027031 -13027031 -13027031 -13027031 -1583460 -1583460 -1583460 -1583460 -13027031 -13027031 -13027031 -13027031 -13027031 -13027031 -13027031 -13027031 -13027031 -13027031 -13027031 -13027031 -13027031 -13027031 -13027031 -13027031 -8686749 -8686749 -8686749 -8686749 -1583460 -1583460 -1583460 -1583460 -1583460 -1583460 -1583460 -1583460 
-1583460 -1583460 -1583460 -1583460 -1583460 -1583460 -1583460 -1583460 -13027031 -13027031 -13027031 -13027031 -1583460 -1583460 -1583460 -1583460 -1583460 -1583460 -1583460 -1583460 -13027031 -13027031 -13027031 -13027031 -13027031 -13027031 -13027031 -13027031 -13027031 -13027031 -13027031 -13027031 -1583460 -1583460 -1583460 -1583460 -13027031 -13027031 -13027031 -13027031 -13027031 -13027031 -13027031 -13027031 -13027031 -13027031 -13027031 -13027031 -13027031 -13027031 -13027031 -13027031 -8686749 -8686749 -8686749 -8686749 -1583460 -1583460 -1583460 -1583460 -1583460 -1583460 -1583460 -1583460 
-1583460 -1583460 -1583460 -1583460 -1583460 -1583460 -1583460 -1583460 -13027031 -13027031 -13027031 -13027031 -1583460 -1583460 -1583460 -1583460 -1583460 -1583460 -1583460 -1583460 -13027031 -13027031 -13027031 -13027031 -13027031 -13027031 -13027031 -13027031 -13027031 -13027031 -13027031 -13027031 -1583460 -1583460 -1583460 -1583460 -13027031 -13027031 -13027031 -13027031 -13027031 -13027031 -13027031 -13027031 -13027031 -13027031 -13027031 -13027031 -13027031 -13027031 -13027031 -13027031 -8686749 -8686749 -8686749 -8686749 -1583460 -1583460 -1583460 -1583460 -1583460 -1583460 -1583460 -1583460 
-1583460 -1583460 -1583460 -1583460 -1583460 -1583460 -1583460 -1583460 -1583460 -1583460 -1583460 -1583460 -13027031 -13027031 -13027031 -13027031 -1583460 -1583460 -1583460 -1583460 -1583460 -1583460 -1583460 -1583460 -1583460 -1583460 -1583460 -1583460 -1583460 -1583460 -1583460 -1583460 -1583460 -1583460 -1583460 -1583460 -1583460 -1583460 -1583460 -1583460 -1583460 -1583460 -1583460 -1583460 -1583460 -1583460 -1583460 -1583460 -1583460 -1583460 -1583460 -1583460 -1583460 -1583460 -1583460 -1583460 -13027031 -13027031 -13027031 -13027031 -13027031 -13027031 -13027031 -13027031 
-1583460 -1583460 -1583460 -1583460 -1583460 -1583460 -1583460 -1583460 -1583460 -1583460 -1583460 -1583460 -13027031 -13027031 -13027031 -13027031 -1583460 -1583460 -1583460 -1583460 -1583460 -1583460 -1583460 -1583460 -1583460 -1583460 -1583460 -1583460 -1583460 -1583460 -1583460 -1583460 -1583460 -1583460 -1583460 -1583460 -1583460 -1583460 -1583460 -1583460 -1583460 -1583460 -1583460 -1583460 -1583460 -1583460 -1583460 -1583460 -1583460 -1583460 -1583460 -1583460 -1583460 -1583460 -1583460 -1583460 -13027031 -13027031 -13027031 -13027031 -13027031 -13027031 -13027031 -13027031 
-1583460 -1583460 -1583460 -1583460 -1583460 -1583460 -1583460 -1583460 -1583460 -1583460 -1583460 -1583460 -13027031 -13027031 -13027031 -13027031 -1583460 -1583460 -1583460 -1583460 -1583460 -1583460 -1583460 -1583460 -1583460 -1583460 -1583460 -1583460 -1583460 -1583460 -1583460 -1583460 -1583460 -1583460 -1583460 -1583460 -1583460 -1583460 -1583460 -1583460 -1583460 -1583460 -1583460 -1583460 -1583460 -1583460 -1583460 -1583460 -1583460 -1583460 -1583460 -1583460 -1583460 -1583460 -1583460 -1583460 -13027031 -13027031 -13027031 -13027031 -13027031 -13027031 -13027031 -13027031 
-1583460 -1583460 -1583460 -1583460 -1583460 -1583460 -1583460 -1583460 -1583460 -1583460 -1583460 -1583460 -13027031 -13027031 -13027031 -13027031 -1583460 -1583460 -1583460 -1583460 -1583460 -1583460 -1583460 -1583460 -1583460 -1583460 -1583460 -1583460 -1583460 -1583460 -1583460 -1583460 -1583460 -1583460 -1583460 -1583460 -1583460 -1583460 -1583460 -1583460 -1583460 -1583460 -1583460 -1583460 -1583460 -1583460 -1583460 -1583460 -1583460 -1583460 -1583460 -1583460 -1583460 -1583460 -1583460 -1583460 -13027031 -13027031 -13027031 -13027031 -13027031 -13027031 -13027031 -13027031 
-8686749 -8686749 -8686749 -8686749 -8686749 -8686749 -8686749 -8686749 -8686749 -8686749 -8686749 -8686749 -1583460 -1583460 -1583460 -1583460 -1583460 -1583460 -1583460 -1583460 -1583460 -1583460 -1583460 -1583460 -4872853 -4872853 -4872853 -4872853 -4872853 -4872853 -4872853 -4872853 -1583460 -1583460 -1583460 -1583460 -1583460 -1583460 -1583460 -1583460 -1583460 -1583460 -1583460 -1583460 -1583460 -1583460 -1583460 -1583460 -1583460 -1583460 -1583460 -1583460 -1583460 -1583460 -1583460 -1583460 -1583460 -1583460 -1583460 -1583460 -1583460 -1583460 -1583460 -1583460 
-8686749 -8686749 -8686749 -8686749 -8686749 -8686749 -8686749 -8686749 -8686749 -8686749 -8686749 -8686749 -1583460 -1583460 -1583460 -1583460 -1583460 -1583460 -1583460 -1583460 -1583460 -1583460 -1583460 -1583460 -4872853 -4872853 -4872853 -4872853 -4872853 -4872853 -4872853 -4872853 -1583460 -1583460 -1583460 -1583460 -1583460 -1583460 -1583460 -1583460 -1583460 -1583460 -1583460 -1583460 -1583460 -1583460 -1583460 -1583460 -1583460 -1583460 -1583460 -1583460 -1583460 -1583460 -1583460 -1583460 -1583460 -1583460 -1583460 -1583460 -1583460 -1583460 -1583460 -1583460 
-8686749 -8686749 -8686749 -8686749 -8686749 -8686749 -8686749 -8686749 -8686749 -8686749 -8686749 -8686749 -1583460 -1583460 -1583460 -1583460 -1583460 -1583460 -1583460 -1583460 -1583460 -1583460 -1583460 -1583460 -4872853 -4872853 -4872853 -4872853 -4872853 -4872853 -4872853 -4872853 -1583460 -1583460 -1583460 -1583460 -1583460 -1583460 -1583460 -1583460 -1583460 -1583460 -1583460 -1583460 -1583460 -1583460 -1583460 -1583460 -1583460 -1583460 -1583460 -1583460 -1583460 -1583460 -1583460 -1583460 -1583460 -1583460 -1583460 -1583460 -1583460 -1583460 -1583460 -1583460 
-8686749 -8686749 -8686749 -8686749 -8686749 -8686749 -8686749 -8686749 -8686749 -8686749 -8686749 -8686749 -1583460 -1583460 -1583460 -1583460 -1583460 -1583460 -1583460 -1583460 -1583460 -1583460 -1583460 -1583460 -4872853 -4872853 -4872853 -4872853 -4872853 -4872853 -4872853 -4872853 -1583460 -1583460 -1583460 -1583460 -1583460 -1583460 -1583460 -1583460 -1583460 -1583460 -1583460 -1583460 -1583460 -1583460 -1583460 -1583460 -1583460 -1583460 -1583460 -1583460 -1583460 -1583460 -1583460 -1583460 -1583460 -1583460 -1583460 -1583460 -1583460 -1583460 -1583460 -1583460 
-1583460 -1583460 -1583460 -1583460 -13027031 -13027031 -13027031 -13027031 -4872853 -4872853 -4872853 -4872853 -4872853 -4872853 -4872853 -4872853 -1583460 -1583460 -1583460 -1583460 -4872853 -4872853 -4872853 -4872853 -4872853 -4872853 -4872853 -4872853 -4872853 -4872853 -4872853 -4872853 -4872853 -4872853 -4872853 -4872853 -1583460 -1583460 -1583460 -1583460 -1583460 -1583460 -1583460 -1583460 -1583460 -1583460 -1583460 -1583460 -1583460 -1583460 -1583460 -1583460 -1583460 -1583460 -1583460 -1583460 -1583460 -1583460 -1583460 -1583460 -1583460 -1583460 -1583460 -1583460 
-1583460 -1583460 -1583460 -1583460 -13027031 -13027031 -13027031 -13027031 -4872853 -4872853 -4872853 -4872853 -4872853 -4872853 -4872853 -4872853 -1583460 -1583460 -1583460 -1583460 -4872853 -4872853 -4872853 -4872853 -4872853 -4872853 -4872853 -4872853 -4872853 -4872853 -4872853 -4872853 -4872853 -4872853 -4872853 -4872853 -1583460 -1583460 -1583460 -1583460 -1583460 -1583460 -1583460 -1583460 -1583460 -1583460 -1583460 -1583460 -1583460 -1583460 -1583460 -1583460 -1583460 -1583460 -1583460 -1583460 -1583460 -1583460 -1583460 -1583460 -1583460 -1583460 -1583460 -1583460 
-1583460 -1583460 -1583460 -1583460 -13027031 -13027031 -13027031 -13027031 -4872853 -4872853 -4872853 -4872853 -4872853 -4872853 -4872853 -4872853 -1583460 -1583460 -1583460 -1583460 -4872853 -4872853 -4872853 -4872853 -4872853 -4872853 -4872853 -4872853 -4872853 -4872853 -4872853 -4872853 -4872853 -4872853 -4872853 -4872853 -1583460 -1583460 -1583460 -1583460 -1583460 -1583460 -1583460 -1583460 -1583460 -1583460 -1583460 -1583460 -1583460 -1583460 -1583460 -1583460 -1583460 -1583460 -1583460 -1583460 -1583460 -1583460 -1583460 -1583460 -1583460 -1583460 -1583460 -1583460 
-1583460 -1583460 -1583460 -1583460 -13027031 -13027031 -13027031 -13027031 -4872853 -4872853 -4872853 -4872853 -4872853 -4872853 -4872853 -4872853 -1583460 -1583460 -1583460 -1583460 -4872853 -4872853 -4872853 -4872853 -4872853 -4872853 -4872853 -4872853 -4872853 -4872853 -4872853 -4872853 -4872853 -4872853 -4872853 -4872853 -1583460 -1583460 -1583460 -1583460 -1583460 -1583460 -1583460 -1583460 -1583460 -1583460 -1583460 -1583460 -1583460 -1583460 -1583460 -1583460 -1583460 -1583460 -1583460 -1583460 -1583460 -1583460 -1583460 -1583460 -1583460 -1583460 -1583460 -1583460 
-1583460 -1583460 -1583460 -1583460 -1583460 -1583460 -1583460 -1583460 -13027031 -13027031 -13027031 -13027031 -4872853 -4872853 -4872853 -4872853 -4872853 -4872853 -4872853 -4872853 -8686749 -8686749 -8686749 -8686749 -13027031 -13027031 -13027031 -13027031 -13027031 -13027031 -13027031 -13027031 -8686749 -8686749 -8686749 -8686749 -1583460 -1583460 -1583460 -1583460 -1583460 -1583460 -1583460 -1583460 -13027031 -13027031 -13027031 -13027031 -8686749 -8686749 -8686749 -8686749 -13027031 -13027031 -13027031 -13027031 -13027031 -13027031 -13027031 -13027031 -8686749 -8686749 -8686749 -8686749 
-1583460 -1583460 -1583460 -1583460 -1583460 -1583460 -1583460 -1583460 -13027031 -13027031 -13027031 -13027031 -4872853 -4872853 -4872853 -4872853 -4872853 -4872853 -4872853 -4872853 -8686749 -8686749 -8686749 -8686749 -13027031 -13027031 -13027031 -13027031 -13027031 -13027031 -13027031 -13027031 -8686749 -8686749 -8686749 -8686749 -1583460 -1583460 -1583460 -1583460 -1583460 -1583460 -1583460 -1583460 -13027031 -13027031 -13027031 -13027031 -8686749 -8686749 -8686749 -8686749 -13027031 -13027031 -13027031 -13027031 -13027031 -13027031 -13027031 -13027031 -8686749 -8686749 -8686749 -8686749 
-1583460 -1583460 -1583460 -1583460 -1583460 -1583460 -1583460 -1583460 -13027031 -13027031 -13027031 -13027031 -4872853 -4872853 -4872853 -4872853 -4872853 -4872853 -4872853 -4872853 -8686749 -8686749 -8686749 -8686749 -13027031 -13027031 -13027031 -13027031 -13027031 -13027031 -13027031 -13027031 -8686749 -8686749 -8686749 -8686749 -1583460 -1583460 -1583460 -1583460 -1583460 -1583460 -1583460 -1583460 -13027031 -13027031 -13027031 -13027031 -8686749 -8686749 -8686749 -8686749 -13027031 -13027031 -13027031 -13027031 -13027031 -13027031 -13027031 -13027031 -8686749 -8686749 -8686749 -8686749 
-1583460 -1583460 -1583460 -1583460 -1583460 -1583460 -1583460 -1583460 -13027031 -13027031 -13027031 -13027031 -4872853 -4872853 -4872853 -4872853 -4872853 -4872853 -4872853 -4872853 -8686749 -8686749 -8686749 -8686749 -13027031 -13027031 -13027031 -13027031 -13027031 -13027031 -13027031 -13027031 -8686749 -8686749 -8686749 -8686749 -1583460 -1583460 -1583460 -1583460 -1583460 -1583460 -1583460 -1583460 -13027031 -13027031 -13027031 -13027031 -8686749 -8686749 -8686749 -8686749 -13027031 -13027031 -13027031 -13027031 -13027031 -13027031 -13027031 -13027031 -8686749 -8686749 -8686749 -8686749 
-1583460 -1583460 -1583460 -1583460 -8686749 -8686749 -8686749 -8686749 -4872853 -4872853 -4872853 -4872853 -4872853 -4872853 -4872853 -4872853 -8686749 -8686749 -8686749 -8686749 -4872853 -4872853 -4872853 -4872853 -4872853 -4872853 -4872853 -4872853 -1583460 -1583460 -1583460 -1583460 -4872853 -4872853 -4872853 -4872853 -13027031 -13027031 -13027031 -13027031 -1583460 -1583460 -1583460 -1583460 -13027031 -13027031 -13027031 -13027031 -1583460 -1583460 -1583460 -1583460 -1583460 -1583460 -1583460 -1583460 -1583460 -1583460 -1583460 -1583460 -13027031 -13027031 -13027031 -13027031 
-1583460 -1583460 -1583460 -1583460 -8686749 -8686749 -8686749 -8686749 -4872853 -4872853 -4872853 -4872853 -4872853 -4872853 -4872853 -4872853 -8686749 -8686749 -8686749 -8686749 -4872853 -4872853 -4872853 -4872853 -4872853 -4872853 -4872853 -4872853 -1583460 -1583460 -1583460 -1583460 -4872853 -4872853 -4872853 -4872853 -13027031 -13027031 -13027031 -13027031 -1583460 -1583460 -1583460 -1583460 -13027031 -13027031 -13027031 -13027031 -1583460 -1583460 -1583460 -1583460 -1583460 -1583460 -1583460 -1583460 -1583460 -1583460 -1583460 -1583460 -13027031 -13027031 -13027031 -13027031 
-1583460 -1583460 -1583460 -1583460 -8686749 -8686749 -8686749 -8686749 -4872853 -4872853 -4872853 -4872853 -4872853 -4872853 -4872853 -4872853 -8686749 -8686749 -8686749 -8686749 -4872853 -4872853 -4872853 -4872853 -4872853 -4872853 -4872853 -4872853 -1583460 -1583460 -1583460 -1583460 -4872853 -4872853 -4872853 -4872853 -13027031 -13027031 -13027031 -13027031 -1583460 -1583460 -1583460 -1583460 -13027031 -13027031 -13027031 -13027031 -1583460 -1583460 -1583460 -1583460 -1583460 -1583460 -1583460 -1583460 -1583460 -1583460 -1583460 -1583460 -13027031 -13027031 -13027031 -13027031 
-1583460 -1583460 -1583460 -1583460 -8686749 -8686749 -8686749 -8686749 -4872853 -4872853 -4872853 -4872853 -4872853 -4872853 -4872853 -4872853 -8686749 -8686749 -8686749 -8686749 -4872853 -4872853 -4872853 -4872853 -4872853 -4872853 -4872853 -4872853 -1583460 -1583460 -1583460 -1583460 -4872853 -4872853 -4872853 -4872853 -13027031 -13027031 -13027031 -13027031 -1583460 -1583460 -1583460 -1583460 -13027031 -13027031 -13027031 -13027031 -1583460 -1583460 -1583460 -1583460 -1583460 -1583460 -1583460 -1583460 -1583460 -1583460 -1583460 -1583460 -13027031 -13027031 -13027031 -13027031 
-1583460 -1583460 -1583460 -1583460 -1583460 -1583460 -1583460 -1583460 -13027031 -13027031 -13027031 -13027031 -4872853 -4872853 -4872853 -4872853 -13027031 -13027031 -13027031 -13027031 -4872853 -4872853 -4872853 -4872853 -1583460 -1583460 -1583460 -1583460 -1583460 -1583460 -1583460 -1583460 -1583460 -1583460 -1583460 -1583460 -4872853 -4872853 -4872853 -4872853 -13027031 -13027031 -13027031 -13027031 -1583460 -1583460 -1583460 -1583460 -1583460 -1583460 -1583460 -1583460 -1583460 -1583460 -1583460 -1583460 -1583460 -1583460 -1583460 -1583460 -1583460 -1583460 -1583460 -1583460 
-1583460 -1583460 -1583460 -1583460 -1583460 -1583460 -1583460 -1583460 -13027031 -13027031 -13027031 -13027031 -4872853 -4872853 -4872853 -4872853 -13027031 -13027031 -13027031 -13027031 -4872853 -4872853 -4872853 -4872853 -1583460 -1583460 -1583460 -1583460 -1583460 -1583460 -1583460 -1583460 -1583460 -1583460 -1583460 -1583460 -4872853 -4872853 -4872853 -4872853 -13027031 -13027031 -13027031 -13027031 -1583460 -1583460 -1583460 -1583460 -1583460 -1583460 -1583460 -1583460 -1583460 -1583460 -1583460 -1583460 -1583460 -1583460 -1583460 -1583460 -1583460 -1583460 -1583460 -1583460 
-1583460 -1583460 -1583460 -1583460 -1583460 -1583460 -1583460 -1583460 -13027031 -13027031 -13027031 -13027031 -4872853 -4872853 -4872853 -4872853 -13027031 -13027031 -13027031 -13027031 -4872853 -4872853 -4872853 -4872853 -1583460 -1583460 -1583460 -1583460 -1583460 -1583460 -1583460 -1583460 -1583460 -1583460 -1583460 -1583460 -4872853 -4872853 -4872853 -4872853 -13027031 -13027031 -13027031 -13027031 -1583460 -1583460 -1583460 -1583460 -1583460 -1583460 -1583460 -1583460 -1583460 -1583460 -1583460 -1583460 -1583460 -1583460 -1583460 -1583460 -1583460 -1583460 -1583460 -1583460 
-1583460 -1583460 -1583460 -1583460 -1583460 -1583460 -1583460 -1583460 -13027031 -13027031 -13027031 -13027031 -4872853 -4872853 -4872853 -4872853 -13027031 -13027031 -13027031 -13027031 -4872853 -4872853 -4872853 -4872853 -1583460 -1583460 -1583460 -1583460 -1583460 -1583460 -1583460 -1583460 -1583460 -1583460 -1583460 -1583460 -4872853 -4872853 -4872853 -4872853 -13027031 -13027031 -13027031 -13027031 -1583460 -1583460 -1583460 -1583460 -1583460 -1583460 -1583460 -1583460 -1583460 -1583460 -1583460 -1583460 -1583460 -1583460 -1583460 -1583460 -1583460 -1583460 -1583460 -1583460 
-1583460 -1583460 -1583460 -1583460 -1583460 -1583460 -1583460 -1583460 -1583460 -1583460 -1583460 -1583460 -13027031 -13027031 -13027031 -13027031 -13027031 -13027031 -13027031 -13027031 -4872853 -4872853 -4872853 -4872853 -1583460 -1583460 -1583460 -1583460 -1583460 -1583460 -1583460 -1583460 -4872853 -4872853 -4872853 -4872853 -1583460 -1583460 -1583460 -1583460 -1583460 -1583460 -1583460 -1583460 -1583460 -1583460 -1583460 -1583460 -1583460 -1583460 -1583460 -1583460 -1583460 -1583460 -1583460 -1583460 -1583460 -1583460 -1583460 -1583460 -1583460 -1583460 -1583460 -1583460 
-1583460 -1583460 -1583460 -1583460 -1583460 -1583460 -1583460 -1583460 -1583460 -1583460 -1583460 -1583460 -13027031 -13027031 -13027031 -13027031 -13027031 -13027031 -13027031 -13027031 -4872853 -4872853 -4872853 -4872853 -1583460 -1583460 -1583460 -1583460 -1583460 -1583460 -1583460 -1583460 -4872853 -4872853 -4872853 -4872853 -1583460 -1583460 -1583460 -1583460 -1583460 -1583460 -1583460 -1583460 -1583460 -1583460 -1583460 -1583460 -1583460 -1583460 -1583460 -1583460 -1583460 -1583460 -1583460 -1583460 -1583460 -1583460 -1583460 -1583460 -1583460 -1583460 -1583460 -1583460 
-1583460 -1583460 -1583460 -1583460 -1583460 -1583460 -1583460 -1583460 -1583460 -1583460 -1583460 -1583460 -13027031 -13027031 -13027031 -13027031 -13027031 -13027031 -13027031 -13027031 -4872853 -4872853 -4872853 -4872853 -1583460 -1583460 -1583460 -1583460 -1583460 -1583460 -1583460 -1583460 -4872853 -4872853 -4872853 -4872853 -1583460 -1583460 -1583460 -1583460 -1583460 -1583460 -1583460 -1583460 -1583460 -1583460 -1583460 -1583460 -1583460 -1583460 -1583460 -1583460 -1583460 -1583460 -1583460 -1583460 -1583460 -1583460 -1583460 -1583460 -1583460 -1583460 -1583460 -1583460 
-1583460 -1583460 -1583460 -1583460 -1583460 -1583460 -1583460 -1583460 -1583460 -1583460 -1583460 -1583460 -13027031 -13027031 -13027031 -13027031 -13027031 -13027031 -13027031 -13027031 -4872853 -4872853 -4872853 -4872853 -1583460 -1583460 -1583460 -1583460 -1583460 -1583460 -1583460 -1583460 -4872853 -4872853 -4872853 -4872853 -1583460 -1583460 -1583460 -1583460 -1583460 -1583460 -1583460 -1583460 -1583460 -1583460 -1583460 -1583460 -1583460 -1583460 -1583460 -1583460 -1583460 -1583460 -1583460 -1583460 -1583460 -1583460 -1583460 -1583460 -1583460 -1583460 -1583460 -1583460 
-1583460 -1583460 -1583460 -1583460 -1583460 -1583460 -1583460 -1583460 -1583460 -1583460 -1583460 -1583460 -8686749 -8686749 -8686749 -8686749 -13027031 -13027031 -13027031 -13027031 -13027031 -13027031 -13027031 -13027031 -13027031 -13027031 -13027031 -13027031 -1583460 -1583460 -1583460 -1583460 -8686749 -8686749 -8686749 -8686749 -1583460 -1583460 -1583460 -1583460 -8686749 -8686749 -8686749 -8686749 -1583460 -1583460 -1583460 -1583460 -1583460 -1583460 -1583460 -1583460 -1583460 -1583460 -1583460 -1583460 -13027031 -13027031 -13027031 -13027031 -13027031 -13027031 -13027031 -13027031 
-1583460 -1583460 -1583460 -1583460 -1583460 -1583460 -1583460 -1583460 -1583460 -1583460 -1583460 -1583460 -8686749 -8686749 -8686749 -8686749 -13027031 -13027031 -13027031 -13027031 -13027031 -13027031 -13027031 -13027031 -13027031 -13027031 -13027031 -13027031 -1583460 -1583460 -1583460 -1583460 -8686749 -8686749 -8686749 -8686749 -1583460 -1583460 -1583460 -1583460 -8686749 -8686749 -8686749 -8686749 -1583460 -1583460 -1583460 -1583460 -1583460 -1583460 -1583460 -1583460 -1583460 -1583460 -1583460 -1583460 -13027031 -13027031 -13027031 -13027031 -13027031 -13027031 -13027031 -13027031 
-1583460 -1583460 -1583460 -1583460 -1583460 -1583460 -1583460 -1583460 -1583460 -1583460 -1583460 -1583460 -8686749 -8686749 -8686749 -8686749 -13027031 -13027031 -13027031 -13027031 -13027031 -13027031 -13027031 -13027031 -13027031 -13027031 -13027031 -13027031 -1583460 -1583460 -1583460 -1583460 -8686749 -8686749 -8686749 -8686749 -1583460 -1583460 -1583460 -1583460 -8686749 -8686749 -8686749 -8686749 -1583460 -1583460 -1583460 -1583460 -1583460 -1583460 -1583460 -1583460 -1583460 -1583460 -1583460 -1583460 -13027031 -13027031 -13027031 -13027031 -13027031 -13027031 -13027031 -13027031 
-1583460 -1583460 -1583460 -1583460 -1583460 -1583460 -1583460 -1583460 -1583460 -1583460 -1583460 -1583460 -8686749 -8686749 -8686749 -8686749 -13027031 -13027031 -13027031 -13027031 -13027031 -13027031 -13027031 -13027031 -13027031 -13027031 -13027031 -13027031 -1583460 -1583460 -1583460 -1583460 -8686749 -8686749 -8686749 -8686749 -1583460 -1583460 -1583460 -1583460 -8686749 -8686749 -8686749 -8686749 -1583460 -1583460 -1583460 -1583460 -1583460 -1583460 -1583460 -1583460 -1583460 -1583460 -1583460 -1583460 -13027031 -13027031 -13027031 -13027031 -13027031 -13027031 -13027031 -13027031 
-1583460 -1583460 -1583460 -1583460 -1583460 -1583460 -1583460 -1583460 -8686749 -8686749 -8686749 -8686749 -1583460 -1583460 -1583460 -1583460 -1583460 -1583460 -1583460 -1583460 -13027031 -13027031 -13027031 -13027031 -13027031 -13027031 -13027031 -13027031 -13027031 -13027031 -13027031 -13027031 -8686749 -8686749 -8686749 -8686749 -4872853 -4872853 -4872853 -4872853 -13027031 -13027031 -13027031 -13027031 -4872853 -4872853 -4872853 -4872853 -13027031 -13027031 -13027031 -13027031 -13027031 -13027031 -13027031 -13027031 -13027031 -13027031 -13027031 -13027031 -13027031 -13027031 -13027031 -13027031 
-1583460 -1583460 -1583460 -1583460 -1583460 -1583460 -1583460 -1583460 -8686749 -8686749 -8686749 -8686749 -1583460 -1583460 -1583460 -1583460 -1583460 -1583460 -1583460 -1583460 -13027031 -13027031 -13027031 -13027031 -13027031 -13027031 -13027031 -13027031 -13027031 -13027031 -13027031 -13027031 -8686749 -8686749 -8686749 -8686749 -4872853 -4872853 -4872853 -4872853 -13027031 -13027031 -13027031 -13027031 -4872853 -4872853 -4872853 -4872853 -13027031 -13027031 -13027031 -13027031 -13027031 -13027031 -13027031 -13027031 -13027031 -13027031 -13027031 -13027031 -13027031 -13027031 -13027031 -13027031 
-1583460 -1583460 -1583460 -1583460 -1583460 -1583460 -1583460 -1583460 -8686749 -8686749 -8686749 -8686749 -1583460 -1583460 -1583460 -1583460 -1583460 -1583460 -1583460 -1583460 -13027031 -13027031 -13027031 -13027031 -13027031 -13027031 -13027031 -13027031 -13027031 -13027031 -13027031 -13027031 -8686749 -8686749 -8686749 -8686749 -4872853 -4872853 -4872853 -4872853 -13027031 -13027031 -13027031 -13027031 -4872853 -4872853 -4872853 -4872853 -13027031 -13027031 -13027031 -13027031 -13027031 -13027031 -13027031 -13027031 -13027031 -13027031 -13027031 -13027031 -13027031 -13027031 -13027031 -13027031 
-1583460 -1583460 -1583460 -1583460 -1583460 -1583460 -1583460 -1583460 -8686749 -8686749 -8686749 -8686749 -1583460 -1583460 -1583460 -1583460 -1583460 -1583460 -1583460 -1583460 -13027031 -13027031 -13027031 -13027031 -13027031 -13027031 -13027031 -13027031 -13027031 -13027031 -13027031 -13027031 -8686749 -8686749 -8686749 -8686749 -4872853 -4872853 -4872853 -4872853 -13027031 -13027031 -13027031 -13027031 -4872853 -4872853 -4872853 -4872853 -13027031 -13027031 -13027031 -13027031 -13027031 -13027031 -13027031 -13027031 -13027031 -13027031 -13027031 -13027031 -13027031 -13027031 -13027031 -13027031 
-1583460 -1583460 -1583460 -1583460 -1583460 -1583460 -1583460 -1583460 -13027031 -13027031 -13027031 -13027031 -1583460 -1583460 -1583460 -1583460 -13027031 -13027031 -13027031 -13027031 -1583460 -1583460 -1583460 -1583460 -8686749 -8686749 -8686749 -8686749 -1583460 -1583460 -1583460 -1583460 -13027031 -13027031 -13027031 -13027031 -1583460 -1583460 -1583460 -1583460 -1583460 -1583460 -1583460 -1583460 -13027031 -13027031 -13027031 -13027031 -13027031 -13027031 -13027031 -13027031 -1583460 -1583460 -1583460 -1583460 -8686749 -8686749 -8686749 -8686749 -1583460 -1583460 -1583460 -1583460 
-1583460 -1583460 -1583460 -1583460 -1583460 -1583460 -1583460 -1583460 -13027031 -13027031 -13027031 -13027031 -1583460 -1583460 -1583460 -1583460 -13027031 -13027031 -13027031 -13027031 -1583460 -1583460 -1583460 -1583460 -8686749 -8686749 -8686749 -8686749 -1583460 -1583460 -1583460 -1583460 -13027031 -13027031 -13027031 -13027031 -1583460 -1583460 -1583460 -1583460 -1583460 -1583460 -1583460 -1583460 -13027031 -13027031 -13027031 -13027031 -13027031 -13027031 -13027031 -13027031 -1583460 -1583460 -1583460 -1583460 -8686749 -8686749 -8686749 -8686749 -1583460 -1583460 -1583460 -1583460 
-1583460 -1583460 -1583460 -1583460 -1583460 -1583460 -1583460 -1583460 -13027031 -13027031 -13027031 -13027031 -1583460 -1583460 -1583460 -1583460 -13027031 -13027031 -13027031 -13027031 -1583460 -1583460 -1583460 -1583460 -8686749 -8686749 -8686749 -8686749 -1583460 -1583460 -1583460 -1583460 -13027031 -13027031 -13027031 -13027031 -1583460 -1583460 -1583460 -1583460 -1583460 -1583460 -1583460 -1583460 -13027031 -13027031 -13027031 -13027031 -13027031 -13027031 -13027031 -13027031 -1583460 -1583460 -1583460 -1583460 -8686749 -8686749 -8686749 -8686749 -1583460 -1583460 -1583460 -1583460 
-1583460 -1583460 -1583460 -1583460 -1583460 -1583460 -1583460 -1583460 -13027031 -13027031 -13027031 -13027031 -1583460 -1583460 -1583460 -1583460 -13027031 -13027031 -13027031 -13027031 -1583460 -1583460 -1583460 -1583460 -8686749 -8686749 -8686749 -8686749 -1583460 -1583460 -1583460 -1583460 -13027031 -13027031 -13027031 -13027031 -1583460 -1583460 -1583460 -1583460 -1583460 -1583460 -1583460 -1583460 -13027031 -13027031 -13027031 -13027031 -13027031 -13027031 -13027031 -13027031 -1583460 -1583460 -1583460 -1583460 -8686749 -8686749 -8686749 -8686749 -1583460 -1583460 -1583460 -1583460 
-1583460 -1583460 -1583460 -1583460 -1583460 -1583460 -1583460 -1583460 -13027031 -13027031 -13027031 -13027031 -1583460 -1583460 -1583460 -1583460 -13027031 -13027031 -13027031 -13027031 -1583460 -1583460 -1583460 -1583460 -8686749 -8686749 -8686749 -8686749 -8686749 -8686749 -8686749 -8686749 -13027031 -13027031 -13027031 -13027031 -1583460 -1583460 -1583460 -1583460 -1583460 -1583460 -1583460 -1583460 -1583460 -1583460 -1583460 -1583460 -13027031 -13027031 -13027031 -13027031 -8686749 -8686749 -8686749 -8686749 -4872853 -4872853 -4872853 -4872853 -1583460 -1583460 -1583460 -1583460 
-1583460 -1583460 -1583460 -1583460 -1583460 -1583460 -1583460 -1583460 -13027031 -13027031 -13027031 -13027031 -1583460 -1583460 -1583460 -1583460 -13027031 -13027031 -13027031 -13027031 -1583460 -1583460 -1583460 -1583460 -8686749 -8686749 -8686749 -8686749 -8686749 -8686749 -8686749 -8686749 -13027031 -13027031 -13027031 -13027031 -1583460 -1583460 -1583460 -1583460 -1583460 -1583460 -1583460 -1583460 -1583460 -1583460 -1583460 -1583460 -13027031 -13027031 -13027031 -13027031 -8686749 -8686749 -8686749 -8686749 -4872853 -4872853 -4872853 -4872853 -1583460 -1583460 -1583460 -1583460 
-1583460 -1583460 -1583460 -1583460 -1583460 -1583460 -1583460 -1583460 -13027031 -13027031 -13027031 -13027031 -1583460 -1583460 -1583460 -1583460 -13027031 -13027031 -13027031 -13027031 -1583460 -1583460 -1583460 -1583460 -8686749 -8686749 -8686749 -8686749 -8686749 -8686749 -8686749 -8686749 -13027031 -13027031 -13027031 -13027031 -1583460 -1583460 -1583460 -1583460 -1583460 -1583460 -1583460 -1583460 -1583460 -1583460 -1583460 -1583460 -13027031 -13027031 -13027031 -13027031 -8686749 -8686749 -8686749 -8686749 -4872853 -4872853 -4872853 -4872853 -1583460 -1583460 -1583460 -1583460 
-1583460 -1583460 -1583460 -1583460 -1583460 -1583460 -1583460 -1583460 -13027031 -13027031 -13027031 -13027031 -1583460 -1583460 -1583460 -1583460 -13027031 -13027031 -13027031 -13027031 -1583460 -1583460 -1583460 -1583460 -8686749 -8686749 -8686749 -8686749 -8686749 -8686749 -8686749 -8686749 -13027031 -13027031 -13027031 -13027031 -1583460 -1583460 -1583460 -1583460 -1583460 -1583460 -1583460 -1583460 -1583460 -1583460 -1583460 -1583460 -13027031 -13027031 -13027031 -13027031 -8686749 -8686749 -8686749 -8686749 -4872853 -4872853 -4872853 -4872853 -1583460 -1583460 -1583460 -1583460 
-1583460 -1583460 -1583460 -1583460 -1583460 -1583460 -1583460 -1583460 -1583460 -1583460 -1583460 -1583460 -13027031 -13027031 -13027031 -13027031 -13027031 -13027031 -13027031 -13027031 -8686749 -8686749 -8686749 -8686749 -1583460 -1583460 -1583460 -1583460 -1583460 -1583460 -1583460 -1583460 -8686749 -8686749 -8686749 -8686749 -13027031 -13027031 -13027031 -13027031 -1583460 -1583460 -1583460 -1583460 -1583460 -1583460 -1583460 -1583460 -1583460 -1583460 -1583460 -1583460 -1583460 -1583460 -1583460 -1583460 -1583460 -1583460 -1583460 -1583460 -1583460 -1583460 -1583460 -1583460 
-1583460 -1583460 -1583460 -1583460 -1583460 -1583460 -1583460 -1583460 -1583460 -1583460 -1583460 -1583460 -13027031 -13027031 -13027031 -13027031 -13027031 -13027031 -13027031 -13027031 -8686749 -8686749 -8686749 -8686749 -1583460 -1583460 -1583460 -1583460 -1583460 -1583460 -1583460 -1583460 -8686749 -8686749 -8686749 -8686749 -13027031 -13027031 -13027031 -13027031 -1583460 -1583460 -1583460 -1583460 -1583460 -1583460 -1583460 -1583460 -1583460 -1583460 -1583460 -1583460 -1583460 -1583460 -1583460 -1583460 -1583460 -1583460 -1583460 -1583460 -1583460 -1583460 -1583460 -1583460 
-1583460 -1583460 -1583460 -1583460 -1583460 -1583460 -1583460 -1583460 -1583460 -1583460 -1583460 -1583460 -13027031 -13027031 -13027031 -13027031 -13027031 -13027031 -13027031 -13027031 -8686749 -8686749 -8686749 -8686749 -1583460 -1583460 -1583460 -1583460 -1583460 -1583460 -1583460 -1583460 -8686749 -8686749 -8686749 -8686749 -13027031 -13027031 -13027031 -13027031 -1583460 -1583460 -1583460 -1583460 -1583460 -1583460 -1583460 -1583460 -1583460 -1583460 -1583460 -1583460 -1583460 -1583460 -1583460 -1583460 -1583460 -1583460 -1583460 -1583460 -1583460 -1583460 -1583460 -1583460 
-1583460 -1583460 -1583460 -1583460 -1583460 -1583460 -1583460 -1583460 -1583460 -1583460 -1583460 -1583460 -13027031 -13027031 -13027031 -13027031 -13027031 -13027031 -13027031 -13027031 -8686749 -8686749 -8686749 -8686749 -1583460 -1583460 -1583460 -1583460 -1583460 -1583460 -1583460 -1583460 -8686749 -8686749 -8686749 -8686749 -13027031 -13027031 -13027031 -13027031 -1583460 -1583460 -1583460 -1583460 -1583460 -1583460 -1583460 -1583460 -1583460 -1583460 -1583460 -1583460 -1583460 -1583460 -1583460 -1583460 -1583460 -1583460 -1583460 -1583460 -1583460 -1583460 -1583460 -1583460 
-1583460 -1583460 -1583460 -1583460 -1583460 -1583460 -1583460 -1583460 -1583460 -1583460 -1583460 -1583460 -1583460 -1583460 -1583460 -1583460 -13027031 -13027031 -13027031 -13027031 -13027031 -13027031 -13027031 -13027031 -1583460 -1583460 -1583460 -1583460 -1583460 -1583460 -1583460 -1583460 -4872853 -4872853 -4872853 -4872853 -4872853 -4872853 -4872853 -4872853 -1583460 -1583460 -1583460 -1583460 -1583460 -1583460 -1583460 -1583460 -1583460 -1583460 -1583460 -1583460 -4872853 -4872853 -4872853 -4872853 -1583460 -1583460 -1583460 -1583460 -1583460 -1583460 -1583460 -1583460 
-1583460 -1583460 -1583460 -1583460 -1583460 -1583460 -1583460 -1583460 -1583460 -1583460 -1583460 -1583460 -1583460 -1583460 -1583460 -1583460 -13027031 -13027031 -13027031 -13027031 -13027031 -13027031 -13027031 -13027031 -1583460 -1583460 -1583460 -1583460 -1583460 -1583460 -1583460 -1583460 -4872853 -4872853 -4872853 -4872853 -4872853 -4872853 -4872853 -4872853 -1583460 -1583460 -1583460 -1583460 -1583460 -1583460 -1583460 -1583460 -1583460 -1583460 -1583460 -1583460 -4872853 -4872853 -4872853 -4872853 -1583460 -1583460 -1583460 -1583460 -1583460 -1583460 -1583460 -1583460 
-1583460 -1583460 -1583460 -1583460 -1583460 -1583460 -1583460 -1583460 -1583460 -1583460 -1583460 -1583460 -1583460 -1583460 -1583460 -1583460 -13027031 -13027031 -13027031 -13027031 -13027031 -13027031 -13027031 -13027031 -1583460 -1583460 -1583460 -1583460 -1583460 -1583460 -1583460 -1583460 -4872853 -4872853 -4872853 -4872853 -4872853 -4872853 -4872853 -4872853 -1583460 -1583460 -1583460 -1583460 -1583460 -1583460 -1583460 -1583460 -1583460 -1583460 -1583460 -1583460 -4872853 -4872853 -4872853 -4872853 -1583460 -1583460 -1583460 -1583460 -1583460 -1583460 -1583460 -1583460 
-1583460 -1583460 -1583460 -1583460 -1583460 -1583460 -1583460 -1583460 -1583460 -1583460 -1583460 -1583460 -1583460 -1583460 -1583460 -1583460 -13027031 -13027031 -13027031 -13027031 -13027031 -13027031 -13027031 -13027031 -1583460 -1583460 -1583460 -1583460 -1583460 -1583460 -1583460 -1583460 -4872853 -4872853 -4872853 -4872853 -4872853 -4872853 -4872853 -4872853 -1583460 -1583460 -1583460 -1583460 -1583460 -1583460 -1583460 -1583460 -1583460 -1583460 -1583460 -1583460 -4872853 -4872853 -4872853 -4872853 -1583460 -1583460 -1583460 -1583460 -1583460 -1583460 -1583460 -1583460 
-1583460 -1583460 -1583460 -1583460 -1583460 -1583460 -1583460 -1583460 -1583460 -1583460 -1583460 -1583460 -1583460 -1583460 -1583460 -1583460 -1583460 -1583460 -1583460 -1583460 -13027031 -13027031 -13027031 -13027031 -1583460 -1583460 -1583460 -1583460 -4872853 -4872853 -4872853 -4872853 -13027031 -13027031 -13027031 -13027031 -13027031 -13027031 -13027031 -13027031 -13027031 -13027031 -13027031 -13027031 -13027031 -13027031 -13027031 -13027031 -1583460 -1583460 -1583460 -1583460 -8686749 -8686749 -8686749 -8686749 -1583460 -1583460 -1583460 -1583460 -8686749 -8686749 -8686749 -8686749 
-1583460 -1583460 -1583460 -1583460 -1583460 -1583460 -1583460 -1583460 -1583460 -1583460 -1583460 -1583460 -1583460 -1583460 -1583460 -1583460 -1583460 -1583460 -1583460 -1583460 -13027031 -13027031 -13027031 -13027031 -1583460 -1583460 -1583460 -1583460 -4872853 -4872853 -4872853 -4872853 -13027031 -13027031 -13027031 -13027031 -13027031 -13027031 -13027031 -13027031 -13027031 -13027031 -13027031 -13027031 -13027031 -13027031 -13027031 -13027031 -1583460 -1583460 -1583460 -1583460 -8686749 -8686749 -8686749 -8686749 -1583460 -1583460 -1583460 -1583460 -8686749 -8686749 -8686749 -8686749 
-1583460 -1583460 -1583460 -1583460 -1583460 -1583460 -1583460 -1583460 -1583460 -1583460 -1583460 -1583460 -1583460 -1583460 -1583460 -1583460 -1583460 -1583460 -1583460 -1583460 -13027031 -13027031 -13027031 -13027031 -1583460 -1583460 -1583460 -1583460 -4872853 -4872853 -4872853 -4872853 -13027031 -13027031 -13027031 -13027031 -13027031 -13027031 -13027031 -13027031 -13027031 -13027031 -13027031 -13027031 -13027031 -13027031 -13027031 -13027031 -1583460 -1583460 -1583460 -1583460 -8686749 -8686749 -8686749 -8686749 -1583460 -1583460 -1583460 -1583460 -8686749 -8686749 -8686749 -8686749 
-1583460 -1583460 -1583460 -1583460 -1583460 -1583460 -1583460 -1583460 -1583460 -1583460 -1583460 -1583460 -1583460 -1583460 -1583460 -1583460 -1583460 -1583460 -1583460 -1583460 -13027031 -13027031 -13027031 -13027031 -1583460 -1583460 -1583460 -1583460 -4872853 -4872853 -4872853 -4872853 -13027031 -13027031 -13027031 -13027031 -13027031 -13027031 -13027031 -13027031 -13027031 -13027031 -13027031 -13027031 -13027031 -13027031 -13027031 -13027031 -1583460 -1583460 -1583460 -1583460 -8686749 -8686749 -8686749 -8686749 -1583460 -1583460 -1583460 -1583460 -8686749 -8686749 -8686749 -8686749 
